
Device:         rrqm/s   wrqm/s     r/s     w/s    rMB/s    wMB/s avgrq-sz avgqu-sz   await  svctm  %util
sda               0.00    84.30    0.03   37.80     0.00     0.48    25.99     0.04    1.10   0.38   1.45
dm-0              0.00     0.00    0.00  115.63     0.00     0.45     8.00     0.18    1.55   0.11   1.28
dm-1              0.00     0.00    0.00    0.00     0.00     0.00     0.00     0.00    0.00   0.00   0.00
dm-2              0.00     0.00    0.03    4.70     0.00     0.02     9.30     0.01    2.45   0.30   0.14
dm-3              0.00     0.00    0.00    1.77     0.00     0.01     8.00     0.00    1.55   0.17   0.03
dm-4              0.00     0.00    0.00    0.00     0.00     0.00     0.00     0.00    0.00   0.00   0.00

Device:         rrqm/s   wrqm/s     r/s     w/s    rMB/s    wMB/s avgrq-sz avgqu-sz   await  svctm  %util
sda               0.00    92.83    0.03   37.43     0.00     0.51    27.84     0.05    1.45   0.38   1.41
dm-0              0.00     0.00    0.03  123.93     0.00     0.48     8.01     0.21    1.73   0.10   1.28
dm-1              0.00     0.00    0.00    0.00     0.00     0.00     0.00     0.00    0.00   0.00   0.00
dm-2              0.00     0.00    0.00    4.87     0.00     0.02     8.00     0.01    2.85   0.25   0.12
dm-3              0.00     0.00    0.00    1.47     0.00     0.01     8.00     0.00    1.43   0.14   0.02
dm-4              0.00     0.00    0.00    0.00     0.00     0.00     0.00     0.00    0.00   0.00   0.00

Device:         rrqm/s   wrqm/s     r/s     w/s    rMB/s    wMB/s avgrq-sz avgqu-sz   await  svctm  %util
sda               0.00   107.47    0.10   42.60     0.00     0.59    28.21     0.06    1.48   0.40   1.69
dm-0              0.00     0.00    0.10  142.03     0.00     0.55     8.02     0.25    1.74   0.11   1.55
dm-1              0.00     0.00    0.00    0.00     0.00     0.00     0.00     0.00    0.00   0.00   0.00
dm-2              0.00     0.00    0.00    5.23     0.00     0.02     8.00     0.01    2.22   0.17   0.09
dm-3              0.00     0.00    0.00    2.80     0.00     0.01     8.00     0.01    2.12   0.24   0.07
dm-4              0.00     0.00    0.00    0.00     0.00     0.00     0.00     0.00    0.00   0.00   0.00

Device:         rrqm/s   wrqm/s     r/s     w/s    rMB/s    wMB/s avgrq-sz avgqu-sz   await  svctm  %util
sda               0.00    80.13    0.00   36.63     0.00     0.46    25.50     0.04    1.02   0.37   1.34
dm-0              0.00     0.00    0.00  109.63     0.00     0.43     8.00     0.18    1.63   0.11   1.20
dm-1              0.00     0.00    0.00    0.00     0.00     0.00     0.00     0.00    0.00   0.00   0.00
dm-2              0.00     0.00    0.00    5.63     0.00     0.02     8.00     0.01    2.10   0.18   0.10
dm-3              0.00     0.00    0.00    1.50     0.00     0.01     8.00     0.00    1.76   0.24   0.04
dm-4              0.00     0.00    0.00    0.00     0.00     0.00     0.00     0.00    0.00   0.00   0.00

Device:         rrqm/s   wrqm/s     r/s     w/s    rMB/s    wMB/s avgrq-sz avgqu-sz   await  svctm  %util
sda               0.00    73.00    0.03   30.43     0.00     0.40    27.19     0.03    1.11   0.37   1.13
dm-0              0.00     0.00    0.03   95.10     0.00     0.37     8.01     0.14    1.43   0.10   1.00
dm-1              0.00     0.00    0.00    0.00     0.00     0.00     0.00     0.00    0.00   0.00   0.00
dm-2              0.00     0.00    0.00    6.13     0.00     0.02     8.00     0.01    1.56   0.17   0.10
dm-3              0.00     0.00    0.00    2.20     0.00     0.01     8.00     0.00    1.68   0.14   0.03
dm-4              0.00     0.00    0.00    0.00     0.00     0.00     0.00     0.00    0.00   0.00   0.00

Device:         rrqm/s   wrqm/s     r/s     w/s    rMB/s    wMB/s avgrq-sz avgqu-sz   await  svctm  %util
sda               0.00    67.03    0.00   29.40     0.00     0.38    26.24     0.03    1.16   0.35   1.04
dm-0              0.00     0.00    0.00   88.33     0.00     0.35     8.00     0.14    1.55   0.10   0.91
dm-1              0.00     0.00    0.00    0.00     0.00     0.00     0.00     0.00    0.00   0.00   0.00
dm-2              0.00     0.00    0.00    6.60     0.00     0.03     8.00     0.01    2.13   0.19   0.12
dm-3              0.00     0.00    0.00    1.50     0.00     0.01     8.00     0.00    0.91   0.11   0.02
dm-4              0.00     0.00    0.00    0.00     0.00     0.00     0.00     0.00    0.00   0.00   0.00

Device:         rrqm/s   wrqm/s     r/s     w/s    rMB/s    wMB/s avgrq-sz avgqu-sz   await  svctm  %util
sda               0.00    88.43    0.00   36.80     0.00     0.49    27.22     0.04    1.20   0.38   1.40
dm-0              0.00     0.00    0.00  117.73     0.00     0.46     8.00     0.17    1.40   0.11   1.25
dm-1              0.00     0.00    0.00    0.00     0.00     0.00     0.00     0.00    0.00   0.00   0.00
dm-2              0.00     0.00    0.00    5.97     0.00     0.02     8.00     0.01    2.30   0.17   0.10
dm-3              0.00     0.00    0.00    1.53     0.00     0.01     8.00     0.00    2.41   0.33   0.05
dm-4              0.00     0.00    0.00    0.00     0.00     0.00     0.00     0.00    0.00   0.00   0.00

Device:         rrqm/s   wrqm/s     r/s     w/s    rMB/s    wMB/s avgrq-sz avgqu-sz   await  svctm  %util
sda               0.00    90.87    0.07   38.93     0.00     0.51    26.68     0.04    1.14   0.38   1.49
dm-0              0.00     0.00    0.07  123.60     0.00     0.48     8.01     0.17    1.38   0.11   1.37
dm-1              0.00     0.00    0.00    0.00     0.00     0.00     0.00     0.00    0.00   0.00   0.00
dm-2              0.00     0.00    0.00    4.67     0.00     0.02     8.00     0.01    2.12   0.23   0.11
dm-3              0.00     0.00    0.00    1.53     0.00     0.01     8.00     0.00    0.59   0.17   0.03
dm-4              0.00     0.00    0.00    0.00     0.00     0.00     0.00     0.00    0.00   0.00   0.00

Device:         rrqm/s   wrqm/s     r/s     w/s    rMB/s    wMB/s avgrq-sz avgqu-sz   await  svctm  %util
sda               0.00    70.83    0.13   31.53     0.00     0.40    26.16     0.03    1.09   0.39   1.24
dm-0              0.00     0.00    0.13   93.80     0.00     0.37     8.09     0.12    1.31   0.11   1.08
dm-1              0.00     0.00    0.00    0.00     0.00     0.00     0.00     0.00    0.00   0.00   0.00
dm-2              0.00     0.00    0.00    6.00     0.00     0.02     8.00     0.02    2.53   0.19   0.12
dm-3              0.00     0.00    0.00    2.57     0.00     0.01     8.00     0.00    1.81   0.16   0.04
dm-4              0.00     0.00    0.00    0.00     0.00     0.00     0.00     0.00    0.00   0.00   0.00

Device:         rrqm/s   wrqm/s     r/s     w/s    rMB/s    wMB/s avgrq-sz avgqu-sz   await  svctm  %util
sda               0.00   108.87    0.00   43.70     0.00     0.60    27.93     0.06    1.32   0.37   1.63
dm-0              0.00     0.00    0.00  146.07     0.00     0.57     8.00     0.25    1.73   0.10   1.52
dm-1              0.00     0.00    0.00    0.00     0.00     0.00     0.00     0.00    0.00   0.00   0.00
dm-2              0.00     0.00    0.00    5.13     0.00     0.02     8.00     0.01    2.49   0.18   0.09
dm-3              0.00     0.00    0.00    1.37     0.00     0.01     8.00     0.00    1.24   0.17   0.02
dm-4              0.00     0.00    0.00    0.00     0.00     0.00     0.00     0.00    0.00   0.00   0.00

Device:         rrqm/s   wrqm/s     r/s     w/s    rMB/s    wMB/s avgrq-sz avgqu-sz   await  svctm  %util
sda               0.00    78.03    0.43   34.10     0.01     0.44    26.52     0.04    1.30   0.41   1.42
dm-0              0.00     0.00    0.43  100.90     0.01     0.39     8.15     0.16    1.59   0.12   1.25
dm-1              0.00     0.00    0.00    0.00     0.00     0.00     0.00     0.00    0.00   0.00   0.00
dm-2              0.00     0.00    0.00    4.37     0.00     0.02     8.00     0.01    2.23   0.27   0.12
dm-3              0.00     0.00    0.00    6.87     0.00     0.03     8.00     0.03    3.67   0.11   0.07
dm-4              0.00     0.00    0.00    0.00     0.00     0.00     0.00     0.00    0.00   0.00   0.00

Device:         rrqm/s   wrqm/s     r/s     w/s    rMB/s    wMB/s avgrq-sz avgqu-sz   await  svctm  %util
sda               0.00    71.93    0.20   29.73     0.00     0.40    27.25     0.04    1.20   0.39   1.17
dm-0              0.00     0.00    0.20   94.90     0.00     0.37     8.01     0.15    1.55   0.11   1.04
dm-1              0.00     0.00    0.00    0.00     0.00     0.00     0.00     0.00    0.00   0.00   0.00
dm-2              0.00     0.00    0.00    5.00     0.00     0.02     8.00     0.01    2.09   0.20   0.10
dm-3              0.00     0.00    0.00    1.77     0.00     0.01     8.00     0.00    1.36   0.23   0.04
dm-4              0.00     0.00    0.00    0.00     0.00     0.00     0.00     0.00    0.00   0.00   0.00

Device:         rrqm/s   wrqm/s     r/s     w/s    rMB/s    wMB/s avgrq-sz avgqu-sz   await  svctm  %util
sda               0.00    91.17    0.03   35.23     0.00     0.49    28.70     0.05    1.41   0.40   1.43
dm-0              0.00     0.00    0.03  117.37     0.00     0.46     8.01     0.24    2.07   0.11   1.31
dm-1              0.00     0.00    0.00    0.00     0.00     0.00     0.00     0.00    0.00   0.00   0.00
dm-2              0.00     0.00    0.00    4.50     0.00     0.02     8.00     0.01    1.63   0.19   0.09
dm-3              0.00     0.00    0.00    4.53     0.00     0.02     8.00     0.01    2.47   0.07   0.03
dm-4              0.00     0.00    0.00    0.00     0.00     0.00     0.00     0.00    0.00   0.00   0.00

Device:         rrqm/s   wrqm/s     r/s     w/s    rMB/s    wMB/s avgrq-sz avgqu-sz   await  svctm  %util
sda               0.00    85.57    0.07   35.47     0.00     0.47    27.48     0.06    1.58   0.40   1.41
dm-0              0.00     0.00    0.03  114.87     0.00     0.45     8.01     0.23    2.01   0.11   1.25
dm-1              0.00     0.00    0.00    0.00     0.00     0.00     0.00     0.00    0.00   0.00   0.00
dm-2              0.00     0.00    0.03    4.47     0.00     0.02     9.54     0.01    1.96   0.31   0.14
dm-3              0.00     0.00    0.00    1.70     0.00     0.01     8.00     0.00    1.69   0.16   0.03
dm-4              0.00     0.00    0.00    0.00     0.00     0.00     0.00     0.00    0.00   0.00   0.00

Device:         rrqm/s   wrqm/s     r/s     w/s    rMB/s    wMB/s avgrq-sz avgqu-sz   await  svctm  %util
sda               0.00    95.30    0.00   37.57     0.00     0.52    28.29     0.04    1.12   0.38   1.44
dm-0              0.00     0.00    0.00  126.87     0.00     0.50     8.00     0.19    1.50   0.10   1.30
dm-1              0.00     0.00    0.00    0.00     0.00     0.00     0.00     0.00    0.00   0.00   0.00
dm-2              0.00     0.00    0.00    4.23     0.00     0.02     8.00     0.01    1.80   0.24   0.10
dm-3              0.00     0.00    0.00    1.77     0.00     0.01     8.00     0.00    0.98   0.28   0.05
dm-4              0.00     0.00    0.00    0.00     0.00     0.00     0.00     0.00    0.00   0.00   0.00

Device:         rrqm/s   wrqm/s     r/s     w/s    rMB/s    wMB/s avgrq-sz avgqu-sz   await  svctm  %util
sda               0.00    74.53    0.03   33.00     0.00     0.42    26.07     0.04    1.15   0.37   1.21
dm-0              0.00     0.00    0.03   99.77     0.00     0.39     8.01     0.16    1.61   0.11   1.06
dm-1              0.00     0.00    0.00    0.00     0.00     0.00     0.00     0.00    0.00   0.00   0.00
dm-2              0.00     0.00    0.00    4.87     0.00     0.02     8.00     0.01    2.49   0.21   0.10
dm-3              0.00     0.00    0.00    2.90     0.00     0.01     8.00     0.01    1.75   0.18   0.05
dm-4              0.00     0.00    0.00    0.00     0.00     0.00     0.00     0.00    0.00   0.00   0.00

Device:         rrqm/s   wrqm/s     r/s     w/s    rMB/s    wMB/s avgrq-sz avgqu-sz   await  svctm  %util
sda               0.00    70.47    0.03   32.03     0.00     0.40    25.68     0.04    1.26   0.38   1.23
dm-0              0.00     0.00    0.00   96.00     0.00     0.38     8.00     0.16    1.62   0.11   1.09
dm-1              0.00     0.00    0.00    0.00     0.00     0.00     0.00     0.00    0.00   0.00   0.00
dm-2              0.00     0.00    0.03    4.93     0.00     0.02     8.64     0.01    2.01   0.29   0.14
dm-3              0.00     0.00    0.00    1.57     0.00     0.01     8.00     0.00    1.64   0.26   0.04
dm-4              0.00     0.00    0.00    0.00     0.00     0.00     0.00     0.00    0.00   0.00   0.00

Device:         rrqm/s   wrqm/s     r/s     w/s    rMB/s    wMB/s avgrq-sz avgqu-sz   await  svctm  %util
sda               0.00    74.77    0.00   30.27     0.00     0.41    27.76     0.04    1.42   0.38   1.14
dm-0              0.00     0.00    0.00   99.13     0.00     0.39     8.00     0.19    1.91   0.10   0.99
dm-1              0.00     0.00    0.00    0.00     0.00     0.00     0.00     0.00    0.00   0.00   0.00
dm-2              0.00     0.00    0.00    4.43     0.00     0.02     8.00     0.01    1.95   0.21   0.09
dm-3              0.00     0.00    0.00    1.47     0.00     0.01     8.00     0.00    2.70   0.43   0.06
dm-4              0.00     0.00    0.00    0.00     0.00     0.00     0.00     0.00    0.00   0.00   0.00

Device:         rrqm/s   wrqm/s     r/s     w/s    rMB/s    wMB/s avgrq-sz avgqu-sz   await  svctm  %util
sda               0.00    92.87    0.03   39.63     0.00     0.52    26.75     0.04    1.08   0.36   1.43
dm-0              0.00     0.00    0.03  125.67     0.00     0.49     8.01     0.19    1.50   0.10   1.30
dm-1              0.00     0.00    0.00    0.00     0.00     0.00     0.00     0.00    0.00   0.00   0.00
dm-2              0.00     0.00    0.00    4.43     0.00     0.02     8.00     0.01    1.48   0.19   0.08
dm-3              0.00     0.00    0.00    2.40     0.00     0.01     8.00     0.01    2.43   0.17   0.04
dm-4              0.00     0.00    0.00    0.00     0.00     0.00     0.00     0.00    0.00   0.00   0.00

Device:         rrqm/s   wrqm/s     r/s     w/s    rMB/s    wMB/s avgrq-sz avgqu-sz   await  svctm  %util
sda               0.00    97.90    0.00   40.33     0.00     0.54    27.42     0.05    1.26   0.36   1.44
dm-0              0.00     0.00    0.00  131.27     0.00     0.51     8.00     0.21    1.59   0.10   1.31
dm-1              0.00     0.00    0.00    0.00     0.00     0.00     0.00     0.00    0.00   0.00   0.00
dm-2              0.00     0.00    0.00    5.13     0.00     0.02     8.00     0.01    1.74   0.18   0.09
dm-3              0.00     0.00    0.00    1.83     0.00     0.01     8.00     0.00    1.98   0.22   0.04
dm-4              0.00     0.00    0.00    0.00     0.00     0.00     0.00     0.00    0.00   0.00   0.00

Device:         rrqm/s   wrqm/s     r/s     w/s    rMB/s    wMB/s avgrq-sz avgqu-sz   await  svctm  %util
sda               0.00   129.27    0.00   50.43     0.00     0.70    28.50     0.06    1.25   0.37   1.88
dm-0              0.00     0.00    0.00  171.90     0.00     0.67     8.00     0.27    1.55   0.10   1.74
dm-1              0.00     0.00    0.00    0.00     0.00     0.00     0.00     0.00    0.00   0.00   0.00
dm-2              0.00     0.00    0.00    4.93     0.00     0.02     8.00     0.01    2.14   0.20   0.10
dm-3              0.00     0.00    0.00    2.87     0.00     0.01     8.00     0.01    2.98   0.19   0.05
dm-4              0.00     0.00    0.00    0.00     0.00     0.00     0.00     0.00    0.00   0.00   0.00

Device:         rrqm/s   wrqm/s     r/s     w/s    rMB/s    wMB/s avgrq-sz avgqu-sz   await  svctm  %util
sda               0.00    99.53    0.10   41.50     0.00     0.55    27.18     0.05    1.21   0.37   1.53
dm-0              0.00     0.00    0.10  133.90     0.00     0.52     8.01     0.20    1.51   0.11   1.41
dm-1              0.00     0.00    0.00    0.00     0.00     0.00     0.00     0.00    0.00   0.00   0.00
dm-2              0.00     0.00    0.00    5.07     0.00     0.02     8.00     0.01    1.99   0.16   0.08
dm-3              0.00     0.00    0.00    2.07     0.00     0.01     8.00     0.00    1.24   0.16   0.03
dm-4              0.00     0.00    0.00    0.00     0.00     0.00     0.00     0.00    0.00   0.00   0.00

Device:         rrqm/s   wrqm/s     r/s     w/s    rMB/s    wMB/s avgrq-sz avgqu-sz   await  svctm  %util
sda               0.00    96.53    0.00   39.83     0.00     0.53    27.39     0.05    1.18   0.37   1.46
dm-0              0.00     0.00    0.00  129.13     0.00     0.50     8.00     0.19    1.51   0.10   1.32
dm-1              0.00     0.00    0.00    0.00     0.00     0.00     0.00     0.00    0.00   0.00   0.00
dm-2              0.00     0.00    0.00    4.53     0.00     0.02     8.00     0.01    2.45   0.21   0.10
dm-3              0.00     0.00    0.00    2.70     0.00     0.01     8.00     0.00    1.83   0.16   0.04
dm-4              0.00     0.00    0.00    0.00     0.00     0.00     0.00     0.00    0.00   0.00   0.00

Device:         rrqm/s   wrqm/s     r/s     w/s    rMB/s    wMB/s avgrq-sz avgqu-sz   await  svctm  %util
sda               0.00   118.20    0.00   47.90     0.00     0.65    27.74     0.07    1.39   0.36   1.72
dm-0              0.00     0.00    0.00  160.00     0.00     0.62     8.00     0.30    1.90   0.10   1.61
dm-1              0.00     0.00    0.00    0.00     0.00     0.00     0.00     0.00    0.00   0.00   0.00
dm-2              0.00     0.00    0.00    4.30     0.00     0.02     8.00     0.01    1.71   0.21   0.09
dm-3              0.00     0.00    0.00    1.80     0.00     0.01     8.00     0.00    1.91   0.19   0.03
dm-4              0.00     0.00    0.00    0.00     0.00     0.00     0.00     0.00    0.00   0.00   0.00

Device:         rrqm/s   wrqm/s     r/s     w/s    rMB/s    wMB/s avgrq-sz avgqu-sz   await  svctm  %util
sda               0.00   131.07    0.00   47.80     0.00     0.70    29.94     0.07    1.50   0.37   1.76
dm-0              0.00     0.00    0.00  172.10     0.00     0.67     8.00     0.32    1.85   0.09   1.61
dm-1              0.00     0.00    0.00    0.00     0.00     0.00     0.00     0.00    0.00   0.00   0.00
dm-2              0.00     0.00    0.00    5.03     0.00     0.02     8.00     0.01    2.54   0.25   0.13
dm-3              0.00     0.00    0.00    1.73     0.00     0.01     8.00     0.00    1.75   0.15   0.03
dm-4              0.00     0.00    0.00    0.00     0.00     0.00     0.00     0.00    0.00   0.00   0.00

Device:         rrqm/s   wrqm/s     r/s     w/s    rMB/s    wMB/s avgrq-sz avgqu-sz   await  svctm  %util
sda               0.00   103.00    0.00   41.50     0.00     0.56    27.86     0.05    1.09   0.35   1.47
dm-0              0.00     0.00    0.00  137.50     0.00     0.54     8.00     0.20    1.45   0.10   1.36
dm-1              0.00     0.00    0.00    0.00     0.00     0.00     0.00     0.00    0.00   0.00   0.00
dm-2              0.00     0.00    0.00    4.27     0.00     0.02     8.00     0.01    1.60   0.18   0.08
dm-3              0.00     0.00    0.00    2.73     0.00     0.01     8.00     0.00    1.82   0.15   0.04
dm-4              0.00     0.00    0.00    0.00     0.00     0.00     0.00     0.00    0.00   0.00   0.00

Device:         rrqm/s   wrqm/s     r/s     w/s    rMB/s    wMB/s avgrq-sz avgqu-sz   await  svctm  %util
sda               0.00    84.37    0.00   35.17     0.00     0.47    27.19     0.04    1.11   0.34   1.21
dm-0              0.00     0.00    0.00  112.80     0.00     0.44     8.00     0.16    1.41   0.10   1.10
dm-1              0.00     0.00    0.00    0.00     0.00     0.00     0.00     0.00    0.00   0.00   0.00
dm-2              0.00     0.00    0.00    4.70     0.00     0.02     8.00     0.01    1.80   0.19   0.09
dm-3              0.00     0.00    0.00    2.03     0.00     0.01     8.00     0.00    1.56   0.13   0.03
dm-4              0.00     0.00    0.00    0.00     0.00     0.00     0.00     0.00    0.00   0.00   0.00

Device:         rrqm/s   wrqm/s     r/s     w/s    rMB/s    wMB/s avgrq-sz avgqu-sz   await  svctm  %util
sda               0.00   127.33    0.00   50.00     0.00     0.69    28.37     0.07    1.30   0.36   1.81
dm-0              0.00     0.00    0.00  170.93     0.00     0.67     8.00     0.29    1.67   0.10   1.67
dm-1              0.00     0.00    0.00    0.00     0.00     0.00     0.00     0.00    0.00   0.00   0.00
dm-2              0.00     0.00    0.00    4.73     0.00     0.02     8.00     0.01    1.92   0.20   0.10
dm-3              0.00     0.00    0.00    1.67     0.00     0.01     8.00     0.01    3.28   0.30   0.05
dm-4              0.00     0.00    0.00    0.00     0.00     0.00     0.00     0.00    0.00   0.00   0.00

Device:         rrqm/s   wrqm/s     r/s     w/s    rMB/s    wMB/s avgrq-sz avgqu-sz   await  svctm  %util
sda               0.00   133.93    0.03   52.93     0.00     0.73    28.24     0.07    1.23   0.35   1.88
dm-0              0.00     0.00    0.03  179.57     0.00     0.70     8.00     0.33    1.85   0.10   1.73
dm-1              0.00     0.00    0.00    0.00     0.00     0.00     0.00     0.00    0.00   0.00   0.00
dm-2              0.00     0.00    0.00    4.03     0.00     0.02     8.00     0.01    1.74   0.22   0.09
dm-3              0.00     0.00    0.00    3.27     0.00     0.01     8.00     0.01    2.52   0.18   0.06
dm-4              0.00     0.00    0.00    0.00     0.00     0.00     0.00     0.00    0.00   0.00   0.00

Device:         rrqm/s   wrqm/s     r/s     w/s    rMB/s    wMB/s avgrq-sz avgqu-sz   await  svctm  %util
sda               0.00    94.67    0.00   42.00     0.00     0.53    26.03     0.06    1.31   0.38   1.60
dm-0              0.00     0.00    0.00  130.37     0.00     0.51     8.00     0.21    1.63   0.11   1.48
dm-1              0.00     0.00    0.00    0.00     0.00     0.00     0.00     0.00    0.00   0.00   0.00
dm-2              0.00     0.00    0.00    4.70     0.00     0.02     8.00     0.01    2.89   0.22   0.10
dm-3              0.00     0.00    0.00    1.60     0.00     0.01     8.00     0.00    0.79   0.12   0.02
dm-4              0.00     0.00    0.00    0.00     0.00     0.00     0.00     0.00    0.00   0.00   0.00

Device:         rrqm/s   wrqm/s     r/s     w/s    rMB/s    wMB/s avgrq-sz avgqu-sz   await  svctm  %util
sda               0.00   162.53    0.00   60.43     0.00     0.87    29.52     0.11    1.76   0.38   2.30
dm-0              0.00     0.00    0.00  214.33     0.00     0.84     8.00     0.59    2.76   0.10   2.13
dm-1              0.00     0.00    0.00    0.00     0.00     0.00     0.00     0.00    0.00   0.00   0.00
dm-2              0.00     0.00    0.00    5.50     0.00     0.02     8.00     0.01    1.62   0.19   0.10
dm-3              0.00     0.00    0.00    3.13     0.00     0.01     8.00     0.01    3.29   0.21   0.07
dm-4              0.00     0.00    0.00    0.00     0.00     0.00     0.00     0.00    0.00   0.00   0.00

Device:         rrqm/s   wrqm/s     r/s     w/s    rMB/s    wMB/s avgrq-sz avgqu-sz   await  svctm  %util
sda               0.00   101.23    0.00   42.60     0.00     0.56    27.01     0.05    1.21   0.35   1.51
dm-0              0.00     0.00    0.00  137.43     0.00     0.54     8.00     0.21    1.53   0.10   1.39
dm-1              0.00     0.00    0.00    0.00     0.00     0.00     0.00     0.00    0.00   0.00   0.00
dm-2              0.00     0.00    0.00    4.80     0.00     0.02     8.00     0.01    1.89   0.19   0.09
dm-3              0.00     0.00    0.00    1.60     0.00     0.01     8.00     0.00    1.62   0.15   0.02
dm-4              0.00     0.00    0.00    0.00     0.00     0.00     0.00     0.00    0.00   0.00   0.00

Device:         rrqm/s   wrqm/s     r/s     w/s    rMB/s    wMB/s avgrq-sz avgqu-sz   await  svctm  %util
sda               0.00   122.20    0.00   48.77     0.00     0.67    28.05     0.06    1.33   0.38   1.84
dm-0              0.00     0.00    0.00  163.07     0.00     0.64     8.00     0.29    1.80   0.10   1.68
dm-1              0.00     0.00    0.00    0.00     0.00     0.00     0.00     0.00    0.00   0.00   0.00
dm-2              0.00     0.00    0.00    5.30     0.00     0.02     8.00     0.01    2.70   0.28   0.15
dm-3              0.00     0.00    0.00    2.60     0.00     0.01     8.00     0.00    1.62   0.10   0.03
dm-4              0.00     0.00    0.00    0.00     0.00     0.00     0.00     0.00    0.00   0.00   0.00

Device:         rrqm/s   wrqm/s     r/s     w/s    rMB/s    wMB/s avgrq-sz avgqu-sz   await  svctm  %util
sda               0.00   112.40    0.07   45.17     0.00     0.62    27.96     0.06    1.25   0.37   1.67
dm-0              0.00     0.00    0.07  150.83     0.00     0.59     8.02     0.27    1.79   0.10   1.54
dm-1              0.00     0.00    0.00    0.00     0.00     0.00     0.00     0.00    0.00   0.00   0.00
dm-2              0.00     0.00    0.00    4.73     0.00     0.02     8.00     0.01    1.92   0.23   0.11
dm-3              0.00     0.00    0.00    2.00     0.00     0.01     8.00     0.00    1.63   0.12   0.02
dm-4              0.00     0.00    0.00    0.00     0.00     0.00     0.00     0.00    0.00   0.00   0.00

Device:         rrqm/s   wrqm/s     r/s     w/s    rMB/s    wMB/s avgrq-sz avgqu-sz   await  svctm  %util
sda               0.00    84.83    0.00   37.90     0.00     0.48    25.91     0.04    1.00   0.35   1.33
dm-0              0.00     0.00    0.00  115.70     0.00     0.45     8.00     0.15    1.30   0.11   1.22
dm-1              0.00     0.00    0.00    0.00     0.00     0.00     0.00     0.00    0.00   0.00   0.00
dm-2              0.00     0.00    0.00    5.33     0.00     0.02     8.00     0.01    1.82   0.15   0.08
dm-3              0.00     0.00    0.00    1.70     0.00     0.01     8.00     0.00    1.67   0.18   0.03
dm-4              0.00     0.00    0.00    0.00     0.00     0.00     0.00     0.00    0.00   0.00   0.00

Device:         rrqm/s   wrqm/s     r/s     w/s    rMB/s    wMB/s avgrq-sz avgqu-sz   await  svctm  %util
sda               0.00    95.27    0.10   41.70     0.00     0.54    26.32     0.04    1.07   0.36   1.50
dm-0              0.00     0.00    0.10  128.03     0.00     0.50     8.03     0.18    1.38   0.10   1.34
dm-1              0.00     0.00    0.00    0.00     0.00     0.00     0.00     0.00    0.00   0.00   0.00
dm-2              0.00     0.00    0.00    5.17     0.00     0.02     8.00     0.01    2.72   0.19   0.10
dm-3              0.00     0.00    0.00    3.77     0.00     0.01     8.00     0.01    1.81   0.16   0.06
dm-4              0.00     0.00    0.00    0.00     0.00     0.00     0.00     0.00    0.00   0.00   0.00

Device:         rrqm/s   wrqm/s     r/s     w/s    rMB/s    wMB/s avgrq-sz avgqu-sz   await  svctm  %util
sda               0.00   107.10    0.07   44.80     0.00     0.59    27.10     0.05    1.21   0.37   1.67
dm-0              0.00     0.00    0.00  144.20     0.00     0.56     8.00     0.25    1.76   0.10   1.50
dm-1              0.00     0.00    0.00    0.00     0.00     0.00     0.00     0.00    0.00   0.00   0.00
dm-2              0.00     0.00    0.07    5.60     0.00     0.02     8.00     0.01    2.06   0.26   0.15
dm-3              0.00     0.00    0.00    2.10     0.00     0.01     8.00     0.00    0.92   0.14   0.03
dm-4              0.00     0.00    0.00    0.00     0.00     0.00     0.00     0.00    0.00   0.00   0.00

Device:         rrqm/s   wrqm/s     r/s     w/s    rMB/s    wMB/s avgrq-sz avgqu-sz   await  svctm  %util
sda               0.00    80.73    0.00   36.57     0.00     0.46    25.66     0.04    1.13   0.37   1.36
dm-0              0.00     0.00    0.00  110.40     0.00     0.43     8.00     0.15    1.40   0.11   1.22
dm-1              0.00     0.00    0.00    0.00     0.00     0.00     0.00     0.00    0.00   0.00   0.00
dm-2              0.00     0.00    0.00    5.17     0.00     0.02     8.00     0.01    2.32   0.23   0.12
dm-3              0.00     0.00    0.00    1.73     0.00     0.01     8.00     0.00    2.44   0.29   0.05
dm-4              0.00     0.00    0.00    0.00     0.00     0.00     0.00     0.00    0.00   0.00   0.00

Device:         rrqm/s   wrqm/s     r/s     w/s    rMB/s    wMB/s avgrq-sz avgqu-sz   await  svctm  %util
sda               0.00    65.23    0.00   31.93     0.00     0.38    24.34     0.03    1.03   0.37   1.18
dm-0              0.00     0.00    0.00   89.93     0.00     0.35     8.00     0.13    1.39   0.11   1.02
dm-1              0.00     0.00    0.00    0.00     0.00     0.00     0.00     0.00    0.00   0.00   0.00
dm-2              0.00     0.00    0.00    4.20     0.00     0.02     8.00     0.01    1.82   0.23   0.10
dm-3              0.00     0.00    0.00    3.03     0.00     0.01     8.00     0.01    3.62   0.21   0.06
dm-4              0.00     0.00    0.00    0.00     0.00     0.00     0.00     0.00    0.00   0.00   0.00

Device:         rrqm/s   wrqm/s     r/s     w/s    rMB/s    wMB/s avgrq-sz avgqu-sz   await  svctm  %util
sda               0.00    77.70    0.03   34.77     0.00     0.44    25.89     0.04    1.26   0.36   1.26
dm-0              0.00     0.00    0.03  106.27     0.00     0.42     8.01     0.20    1.89   0.11   1.16
dm-1              0.00     0.00    0.00    0.00     0.00     0.00     0.00     0.00    0.00   0.00   0.00
dm-2              0.00     0.00    0.00    4.50     0.00     0.02     8.00     0.01    1.61   0.19   0.09
dm-3              0.00     0.00    0.00    1.70     0.00     0.01     8.00     0.00    2.86   0.24   0.04
dm-4              0.00     0.00    0.00    0.00     0.00     0.00     0.00     0.00    0.00   0.00   0.00

Device:         rrqm/s   wrqm/s     r/s     w/s    rMB/s    wMB/s avgrq-sz avgqu-sz   await  svctm  %util
sda               0.00    70.93    0.03   32.87     0.00     0.41    25.25     0.03    0.99   0.39   1.29
dm-0              0.00     0.00    0.00   96.63     0.00     0.38     8.00     0.11    1.19   0.12   1.14
dm-1              0.00     0.00    0.00    0.00     0.00     0.00     0.00     0.00    0.00   0.00   0.00
dm-2              0.00     0.00    0.03    4.50     0.00     0.02     8.00     0.01    1.46   0.20   0.09
dm-3              0.00     0.00    0.00    2.67     0.00     0.01     8.00     0.01    2.08   0.19   0.05
dm-4              0.00     0.00    0.00    0.00     0.00     0.00     0.00     0.00    0.00   0.00   0.00

Device:         rrqm/s   wrqm/s     r/s     w/s    rMB/s    wMB/s avgrq-sz avgqu-sz   await  svctm  %util
sda               0.00   105.40    0.00   43.00     0.00     0.58    27.61     0.06    1.35   0.38   1.63
dm-0              0.00     0.00    0.00  141.77     0.00     0.55     8.00     0.25    1.76   0.11   1.51
dm-1              0.00     0.00    0.00    0.00     0.00     0.00     0.00     0.00    0.00   0.00   0.00
dm-2              0.00     0.00    0.00    4.80     0.00     0.02     8.00     0.01    2.01   0.21   0.10
dm-3              0.00     0.00    0.00    1.83     0.00     0.01     8.00     0.00    1.82   0.16   0.03
dm-4              0.00     0.00    0.00    0.00     0.00     0.00     0.00     0.00    0.00   0.00   0.00

Device:         rrqm/s   wrqm/s     r/s     w/s    rMB/s    wMB/s avgrq-sz avgqu-sz   await  svctm  %util
sda               0.00   107.73    0.60   44.00     0.01     0.59    27.80     0.07    1.59   0.38   1.68
dm-0              0.00     0.00    0.60  143.77     0.01     0.56     8.15     0.41    2.85   0.11   1.56
dm-1              0.00     0.00    0.00    0.00     0.00     0.00     0.00     0.00    0.00   0.00   0.00
dm-2              0.00     0.00    0.00    5.47     0.00     0.02     8.00     0.01    2.20   0.17   0.09
dm-3              0.00     0.00    0.00    2.50     0.00     0.01     8.00     0.00    1.88   0.20   0.05
dm-4              0.00     0.00    0.00    0.00     0.00     0.00     0.00     0.00    0.00   0.00   0.00

Device:         rrqm/s   wrqm/s     r/s     w/s    rMB/s    wMB/s avgrq-sz avgqu-sz   await  svctm  %util
sda               0.00   164.83    0.00   51.57     0.00     0.85    33.57     0.11    2.07   0.39   2.01
dm-0              0.00     0.00    0.00  208.83     0.00     0.82     8.00     0.96    4.59   0.09   1.87
dm-1              0.00     0.00    0.00    0.00     0.00     0.00     0.00     0.00    0.00   0.00   0.00
dm-2              0.00     0.00    0.00    5.67     0.00     0.02     8.00     0.01    2.08   0.20   0.11
dm-3              0.00     0.00    0.00    1.90     0.00     0.01     8.00     0.00    0.86   0.11   0.02
dm-4              0.00     0.00    0.00    0.00     0.00     0.00     0.00     0.00    0.00   0.00   0.00

Device:         rrqm/s   wrqm/s     r/s     w/s    rMB/s    wMB/s avgrq-sz avgqu-sz   await  svctm  %util
sda               0.00    55.60    0.00   28.00     0.00     0.33    23.89     0.03    1.01   0.35   0.98
dm-0              0.00     0.00    0.00   76.40     0.00     0.30     8.00     0.09    1.14   0.11   0.86
dm-1              0.00     0.00    0.00    0.00     0.00     0.00     0.00     0.00    0.00   0.00   0.00
dm-2              0.00     0.00    0.00    6.00     0.00     0.02     8.00     0.01    1.85   0.16   0.10
dm-3              0.00     0.00    0.00    1.20     0.00     0.00     8.00     0.00    1.47   0.25   0.03
dm-4              0.00     0.00    0.00    0.00     0.00     0.00     0.00     0.00    0.00   0.00   0.00

Device:         rrqm/s   wrqm/s     r/s     w/s    rMB/s    wMB/s avgrq-sz avgqu-sz   await  svctm  %util
sda               0.00    55.00    0.00   27.47     0.00     0.32    24.02     0.03    0.98   0.35   0.97
dm-0              0.00     0.00    0.00   75.23     0.00     0.29     8.00     0.08    1.09   0.11   0.82
dm-1              0.00     0.00    0.00    0.00     0.00     0.00     0.00     0.00    0.00   0.00   0.00
dm-2              0.00     0.00    0.00    5.03     0.00     0.02     8.00     0.01    2.56   0.23   0.12
dm-3              0.00     0.00    0.00    2.20     0.00     0.01     8.00     0.00    1.74   0.14   0.03
dm-4              0.00     0.00    0.00    0.00     0.00     0.00     0.00     0.00    0.00   0.00   0.00

Device:         rrqm/s   wrqm/s     r/s     w/s    rMB/s    wMB/s avgrq-sz avgqu-sz   await  svctm  %util
sda               0.00    64.60    2.83   31.20     0.06     0.37    26.28     0.03    0.96   0.43   1.45
dm-0              0.00     0.00    2.83   89.40     0.06     0.35     9.16     0.11    1.21   0.14   1.32
dm-1              0.00     0.00    0.00    0.00     0.00     0.00     0.00     0.00    0.00   0.00   0.00
dm-2              0.00     0.00    0.00    4.80     0.00     0.02     8.00     0.01    1.96   0.18   0.09
dm-3              0.00     0.00    0.00    1.63     0.00     0.01     8.00     0.00    1.47   0.18   0.03
dm-4              0.00     0.00    0.00    0.00     0.00     0.00     0.00     0.00    0.00   0.00   0.00

Device:         rrqm/s   wrqm/s     r/s     w/s    rMB/s    wMB/s avgrq-sz avgqu-sz   await  svctm  %util
sda               0.00    71.30    0.03   35.13     0.00     0.42    24.27     0.04    1.26   0.41   1.44
dm-0              0.00     0.00    0.03  100.07     0.00     0.39     8.00     0.15    1.55   0.13   1.30
dm-1              0.00     0.00    0.00    0.00     0.00     0.00     0.00     0.00    0.00   0.00   0.00
dm-2              0.00     0.00    0.00    4.83     0.00     0.02     8.00     0.01    1.77   0.22   0.11
dm-3              0.00     0.00    0.00    1.57     0.00     0.01     8.00     0.00    1.40   0.21   0.03
dm-4              0.00     0.00    0.00    0.00     0.00     0.00     0.00     0.00    0.00   0.00   0.00

Device:         rrqm/s   wrqm/s     r/s     w/s    rMB/s    wMB/s avgrq-sz avgqu-sz   await  svctm  %util
sda               0.00    55.40    0.07   27.07     0.00     0.32    24.43     0.03    0.98   0.39   1.06
dm-0              0.00     0.00    0.07   74.10     0.00     0.29     8.04     0.08    1.12   0.12   0.90
dm-1              0.00     0.00    0.00    0.00     0.00     0.00     0.00     0.00    0.00   0.00   0.00
dm-2              0.00     0.00    0.00    4.83     0.00     0.02     8.00     0.01    2.81   0.23   0.11
dm-3              0.00     0.00    0.00    3.47     0.00     0.01     8.00     0.01    2.12   0.15   0.05
dm-4              0.00     0.00    0.00    0.00     0.00     0.00     0.00     0.00    0.00   0.00   0.00

Device:         rrqm/s   wrqm/s     r/s     w/s    rMB/s    wMB/s avgrq-sz avgqu-sz   await  svctm  %util
sda               0.00    80.13    0.30   34.23     0.01     0.45    27.28     0.05    1.33   0.44   1.52
dm-0              0.00     0.00    0.20  107.57     0.01     0.42     8.09     0.15    1.41   0.12   1.31
dm-1              0.00     0.00    0.00    0.00     0.00     0.00     0.00     0.00    0.00   0.00   0.00
dm-2              0.00     0.00    0.10    4.67     0.01     0.02    11.19     0.01    2.58   0.31   0.15
dm-3              0.00     0.00    0.00    2.13     0.00     0.01     8.00     0.01    2.36   0.31   0.07
dm-4              0.00     0.00    0.00    0.00     0.00     0.00     0.00     0.00    0.00   0.00   0.00

Device:         rrqm/s   wrqm/s     r/s     w/s    rMB/s    wMB/s avgrq-sz avgqu-sz   await  svctm  %util
sda               0.00    91.14    0.07   37.49     0.00     0.50    27.46     0.04    1.09   0.37   1.41
dm-0              0.00     0.00    0.07  120.39     0.00     0.47     8.01     0.18    1.48   0.11   1.29
dm-1              0.00     0.00    0.00    0.00     0.00     0.00     0.00     0.00    0.00   0.00   0.00
dm-2              0.00     0.00    0.00    5.00     0.00     0.02     8.00     0.01    1.89   0.19   0.10
dm-3              0.00     0.00    0.00    3.23     0.00     0.01     8.00     0.01    2.28   0.15   0.05
dm-4              0.00     0.00    0.00    0.00     0.00     0.00     0.00     0.00    0.00   0.00   0.00

Device:         rrqm/s   wrqm/s     r/s     w/s    rMB/s    wMB/s avgrq-sz avgqu-sz   await  svctm  %util
sda               0.00    94.23    0.00   39.13     0.00     0.52    27.26     0.06    1.49   0.38   1.50
dm-0              0.00     0.00    0.00  125.73     0.00     0.49     8.00     0.23    1.84   0.11   1.33
dm-1              0.00     0.00    0.00    0.00     0.00     0.00     0.00     0.00    0.00   0.00   0.00
dm-2              0.00     0.00    0.00    6.03     0.00     0.02     8.00     0.02    3.37   0.25   0.15
dm-3              0.00     0.00    0.00    1.60     0.00     0.01     8.00     0.00    1.38   0.12   0.02
dm-4              0.00     0.00    0.00    0.00     0.00     0.00     0.00     0.00    0.00   0.00   0.00

Device:         rrqm/s   wrqm/s     r/s     w/s    rMB/s    wMB/s avgrq-sz avgqu-sz   await  svctm  %util
sda               0.00    90.70    0.00   38.57     0.00     0.50    26.81     0.05    1.22   0.35   1.36
dm-0              0.00     0.00    0.00  120.57     0.00     0.47     8.00     0.17    1.44   0.10   1.18
dm-1              0.00     0.00    0.00    0.00     0.00     0.00     0.00     0.00    0.00   0.00   0.00
dm-2              0.00     0.00    0.00    5.70     0.00     0.02     8.00     0.01    2.25   0.23   0.13
dm-3              0.00     0.00    0.00    3.00     0.00     0.01     8.00     0.01    2.28   0.17   0.05
dm-4              0.00     0.00    0.00    0.00     0.00     0.00     0.00     0.00    0.00   0.00   0.00

Device:         rrqm/s   wrqm/s     r/s     w/s    rMB/s    wMB/s avgrq-sz avgqu-sz   await  svctm  %util
sda               0.00    54.67    0.03   22.17     0.00     0.30    27.74     0.02    0.94   0.36   0.80
dm-0              0.00     0.00    0.03   70.80     0.00     0.28     8.01     0.13    1.78   0.10   0.70
dm-1              0.00     0.00    0.00    0.00     0.00     0.00     0.00     0.00    0.00   0.00   0.00
dm-2              0.00     0.00    0.00    4.17     0.00     0.02     8.00     0.01    1.74   0.17   0.07
dm-3              0.00     0.00    0.00    1.87     0.00     0.01     8.00     0.00    1.09   0.16   0.03
dm-4              0.00     0.00    0.00    0.00     0.00     0.00     0.00     0.00    0.00   0.00   0.00

Device:         rrqm/s   wrqm/s     r/s     w/s    rMB/s    wMB/s avgrq-sz avgqu-sz   await  svctm  %util
sda               0.00    63.27    0.20   32.77     0.00     0.38    23.60     0.03    0.91   0.37   1.21
dm-0              0.00     0.00    0.17   89.20     0.00     0.35     8.09     0.09    1.05   0.12   1.04
dm-1              0.00     0.00    0.00    0.30     0.00     0.00     8.00     0.00    3.00   0.33   0.01
dm-2              0.00     0.00    0.00    4.83     0.00     0.02     8.00     0.01    1.48   0.18   0.09
dm-3              0.00     0.00    0.03    1.70     0.00     0.01     8.00     0.01    2.92   0.33   0.06
dm-4              0.00     0.00    0.00    0.00     0.00     0.00     0.00     0.00    0.00   0.00   0.00

Device:         rrqm/s   wrqm/s     r/s     w/s    rMB/s    wMB/s avgrq-sz avgqu-sz   await  svctm  %util
sda               0.00    71.00    0.20   31.73     0.00     0.40    25.97     0.04    1.17   0.34   1.08
dm-0              0.00     0.00    0.20   96.37     0.00     0.38     8.06     0.15    1.60   0.10   0.97
dm-1              0.00     0.00    0.00    0.00     0.00     0.00     0.00     0.00    0.00   0.00   0.00
dm-2              0.00     0.00    0.00    4.57     0.00     0.02     8.00     0.01    1.99   0.19   0.09
dm-3              0.00     0.00    0.00    1.80     0.00     0.01     8.00     0.00    1.56   0.17   0.03
dm-4              0.00     0.00    0.00    0.00     0.00     0.00     0.00     0.00    0.00   0.00   0.00

Device:         rrqm/s   wrqm/s     r/s     w/s    rMB/s    wMB/s avgrq-sz avgqu-sz   await  svctm  %util
sda               0.00    65.33    0.17   28.67     0.01     0.37    26.45     0.04    1.31   0.38   1.09
dm-0              0.00     0.00    0.17   85.63     0.01     0.33     8.11     0.16    1.89   0.11   0.97
dm-1              0.00     0.00    0.00    0.00     0.00     0.00     0.00     0.00    0.00   0.00   0.00
dm-2              0.00     0.00    0.00    5.37     0.00     0.02     8.00     0.01    1.73   0.15   0.08
dm-3              0.00     0.00    0.00    3.00     0.00     0.01     8.00     0.00    1.53   0.13   0.04
dm-4              0.00     0.00    0.00    0.00     0.00     0.00     0.00     0.00    0.00   0.00   0.00

Device:         rrqm/s   wrqm/s     r/s     w/s    rMB/s    wMB/s avgrq-sz avgqu-sz   await  svctm  %util
sda               0.00    41.83    0.07   21.27     0.00     0.25    23.88     0.02    1.01   0.41   0.87
dm-0              0.00     0.00    0.03   57.40     0.00     0.22     8.01     0.06    1.04   0.12   0.69
dm-1              0.00     0.00    0.00    0.00     0.00     0.00     0.00     0.00    0.00   0.00   0.00
dm-2              0.00     0.00    0.03    4.73     0.00     0.02     8.67     0.01    3.06   0.33   0.16
dm-3              0.00     0.00    0.00    0.97     0.00     0.00     8.00     0.00    1.17   0.17   0.02
dm-4              0.00     0.00    0.00    0.00     0.00     0.00     0.00     0.00    0.00   0.00   0.00

Device:         rrqm/s   wrqm/s     r/s     w/s    rMB/s    wMB/s avgrq-sz avgqu-sz   await  svctm  %util
sda               0.00    41.50    0.00   20.83     0.00     0.24    23.94     0.02    1.04   0.36   0.76
dm-0              0.00     0.00    0.00   55.13     0.00     0.22     8.00     0.06    1.17   0.11   0.61
dm-1              0.00     0.00    0.00    0.00     0.00     0.00     0.00     0.00    0.00   0.00   0.00
dm-2              0.00     0.00    0.00    4.47     0.00     0.02     8.00     0.01    2.10   0.26   0.12
dm-3              0.00     0.00    0.00    2.73     0.00     0.01     8.00     0.00    1.33   0.15   0.04
dm-4              0.00     0.00    0.00    0.00     0.00     0.00     0.00     0.00    0.00   0.00   0.00

Device:         rrqm/s   wrqm/s     r/s     w/s    rMB/s    wMB/s avgrq-sz avgqu-sz   await  svctm  %util
sda               0.00    98.57    0.17   29.17     0.00     0.50    34.95     0.05    1.80   0.45   1.31
dm-0              0.00     0.00    0.13  122.33     0.00     0.48     8.02     0.68    5.58   0.09   1.10
dm-1              0.00     0.00    0.00    0.07     0.00     0.00     8.00     0.00    3.00   1.50   0.01
dm-2              0.00     0.00    0.00    3.50     0.00     0.01     8.00     0.01    1.44   0.27   0.09
dm-3              0.00     0.00    0.03    1.83     0.00     0.01     8.00     0.00    2.18   0.71   0.13
dm-4              0.00     0.00    0.00    0.00     0.00     0.00     0.00     0.00    0.00   0.00   0.00

Device:         rrqm/s   wrqm/s     r/s     w/s    rMB/s    wMB/s avgrq-sz avgqu-sz   await  svctm  %util
sda               0.00    47.47    1.10   24.10     0.01     0.28    23.70     0.03    1.21   0.53   1.34
dm-0              0.00     0.00    0.53   64.33     0.00     0.25     8.09     0.07    1.15   0.16   1.02
dm-1              0.00     0.00    0.00    0.00     0.00     0.00     0.00     0.00    0.00   0.00   0.00
dm-2              0.00     0.00    0.00    5.47     0.00     0.02     8.00     0.01    2.41   0.22   0.12
dm-3              0.00     0.00    0.00    1.77     0.00     0.01     8.00     0.00    1.83   0.25   0.04
dm-4              0.00     0.00    0.57    0.00     0.01     0.00    26.35     0.00    7.76   2.82   0.16

Device:         rrqm/s   wrqm/s     r/s     w/s    rMB/s    wMB/s avgrq-sz avgqu-sz   await  svctm  %util
sda               0.00   226.80  431.77   47.67    22.80     1.07   101.96     1.03    2.15   0.61  29.33
dm-0              0.00     0.00    2.57  129.70     0.07     0.51     8.85     0.37    2.80   0.27   3.59
dm-1              0.00     0.00    0.00  136.70     0.00     0.53     8.00     2.18   15.96   0.48   6.51
dm-2              0.00     0.00  428.73    5.03    22.73     0.02   107.40     0.81    1.86   0.63  27.51
dm-3              0.00     0.00    0.00    2.83     0.00     0.01     8.00     0.01    4.86   0.85   0.24
dm-4              0.00     0.00    0.47    0.20     0.00     0.00    14.00     0.01   10.80   3.65   0.24

Device:         rrqm/s   wrqm/s     r/s     w/s    rMB/s    wMB/s avgrq-sz avgqu-sz   await  svctm  %util
sda               0.00    85.10    3.90   37.57     0.06     0.48    26.60     0.07    1.68   0.60   2.49
dm-0              0.00     0.00    2.77  116.30     0.04     0.45     8.50     0.18    1.54   0.16   1.85
dm-1              0.00     0.00    0.00    0.00     0.00     0.00     0.00     0.00    0.00   0.00   0.00
dm-2              0.00     0.00    0.40    4.77     0.00     0.02     8.05     0.01    2.87   0.47   0.24
dm-3              0.00     0.00    0.00    1.37     0.00     0.01     8.00     0.00    0.61   0.12   0.02
dm-4              0.00     0.00    0.73    0.23     0.02     0.00    39.17     0.01    7.48   4.31   0.42

Device:         rrqm/s   wrqm/s     r/s     w/s    rMB/s    wMB/s avgrq-sz avgqu-sz   await  svctm  %util
sda               0.00    89.83    0.50   38.90     0.02     0.50    27.13     0.05    1.32   0.45   1.78
dm-0              0.00     0.00    0.40  121.80     0.01     0.48     8.17     0.19    1.59   0.12   1.47
dm-1              0.00     0.00    0.00    0.00     0.00     0.00     0.00     0.00    0.00   0.00   0.00
dm-2              0.00     0.00    0.10    4.73     0.01     0.02    10.87     0.01    2.15   0.52   0.25
dm-3              0.00     0.00    0.00    2.17     0.00     0.01     8.00     0.00    2.25   0.20   0.04
dm-4              0.00     0.00    0.00    0.03     0.00     0.00     8.00     0.00    3.00   3.00   0.01

Device:         rrqm/s   wrqm/s     r/s     w/s    rMB/s    wMB/s avgrq-sz avgqu-sz   await  svctm  %util
sda               0.00    63.70    0.70   32.30     0.02     0.38    24.56     0.03    1.04   0.44   1.46
dm-0              0.00     0.00    0.70   88.73     0.02     0.35     8.41     0.10    1.15   0.15   1.32
dm-1              0.00     0.00    0.00    0.00     0.00     0.00     0.00     0.00    0.00   0.00   0.00
dm-2              0.00     0.00    0.00    5.03     0.00     0.02     8.00     0.01    2.28   0.22   0.11
dm-3              0.00     0.00    0.00    2.23     0.00     0.01     8.00     0.00    2.04   0.13   0.03
dm-4              0.00     0.00    0.00    0.00     0.00     0.00     0.00     0.00    0.00   0.00   0.00

Device:         rrqm/s   wrqm/s     r/s     w/s    rMB/s    wMB/s avgrq-sz avgqu-sz   await  svctm  %util
sda               0.00    63.77    0.70   32.07     0.01     0.37    23.93     0.03    1.01   0.44   1.45
dm-0              0.00     0.00    0.67   89.53     0.01     0.35     8.09     0.10    1.11   0.14   1.29
dm-1              0.00     0.00    0.00    0.00     0.00     0.00     0.00     0.00    0.00   0.00   0.00
dm-2              0.00     0.00    0.03    4.50     0.00     0.02     8.82     0.01    1.80   0.29   0.13
dm-3              0.00     0.00    0.00    1.80     0.00     0.01     8.00     0.00    1.46   0.17   0.03
dm-4              0.00     0.00    0.00    0.00     0.00     0.00     0.00     0.00    0.00   0.00   0.00

Device:         rrqm/s   wrqm/s     r/s     w/s    rMB/s    wMB/s avgrq-sz avgqu-sz   await  svctm  %util
sda               0.00    56.77    0.73   23.87     0.01     0.31    27.19     0.04    1.48   0.48   1.18
dm-0              0.00     0.00    0.67   73.23     0.01     0.29     8.16     0.14    1.85   0.13   0.98
dm-1              0.00     0.00    0.00    0.00     0.00     0.00     0.00     0.00    0.00   0.00   0.00
dm-2              0.00     0.00    0.07    4.03     0.00     0.02    10.15     0.01    1.79   0.33   0.13
dm-3              0.00     0.00    0.00    3.57     0.00     0.01     8.00     0.01    3.10   0.20   0.07
dm-4              0.00     0.00    0.00    0.00     0.00     0.00     0.00     0.00    0.00   0.00   0.00

Device:         rrqm/s   wrqm/s     r/s     w/s    rMB/s    wMB/s avgrq-sz avgqu-sz   await  svctm  %util
sda               0.10    47.60    1.03   23.63     0.02     0.28    25.01     0.03    1.16   0.49   1.22
dm-0              0.00     0.00    0.77   64.27     0.02     0.25     8.46     0.08    1.29   0.15   1.01
dm-1              0.00     0.00    0.17    0.00     0.00     0.00     8.00     0.00   12.00   2.40   0.04
dm-2              0.00     0.00    0.00    5.17     0.00     0.02     8.00     0.01    1.99   0.19   0.10
dm-3              0.00     0.00    0.00    1.60     0.00     0.01     8.00     0.00    1.00   0.15   0.02
dm-4              0.00     0.00    0.20    0.00     0.00     0.00    33.33     0.00    3.00   2.50   0.05

Device:         rrqm/s   wrqm/s     r/s     w/s    rMB/s    wMB/s avgrq-sz avgqu-sz   await  svctm  %util
sda               0.40    55.60    0.77   27.17     0.01     0.32    24.40     0.04    1.47   0.44   1.23
dm-0              0.00     0.00    0.43   74.30     0.01     0.29     8.14     0.10    1.29   0.14   1.02
dm-1              0.00     0.00    0.00    0.00     0.00     0.00     0.00     0.00    0.00   0.00   0.00
dm-2              0.00     0.00    0.00    5.90     0.00     0.02     8.00     0.02    2.58   0.20   0.12
dm-3              0.00     0.00    0.00    2.57     0.00     0.01     8.00     0.00    1.83   0.16   0.04
dm-4              0.00     0.00    0.73    0.00     0.00     0.00     8.00     0.01   13.73   0.68   0.05

Device:         rrqm/s   wrqm/s     r/s     w/s    rMB/s    wMB/s avgrq-sz avgqu-sz   await  svctm  %util
sda               0.00    98.20    1.47   40.17     0.02     0.54    27.81     0.07    1.56   0.48   2.00
dm-0              0.00     0.00    1.43  132.60     0.02     0.52     8.29     0.24    1.80   0.14   1.83
dm-1              0.00     0.00    0.00    0.00     0.00     0.00     0.00     0.00    0.00   0.00   0.00
dm-2              0.00     0.00    0.03    4.53     0.00     0.02     8.00     0.01    1.76   0.29   0.13
dm-3              0.00     0.00    0.00    1.23     0.00     0.00     8.00     0.00    1.35   0.27   0.03
dm-4              0.00     0.00    0.00    0.00     0.00     0.00     0.00     0.00    0.00   0.00   0.00

Device:         rrqm/s   wrqm/s     r/s     w/s    rMB/s    wMB/s avgrq-sz avgqu-sz   await  svctm  %util
sda               1.00    79.07    1.07   37.23     0.02     0.45    25.16     0.06    1.44   0.48   1.83
dm-0              0.00     0.00    0.20  109.73     0.00     0.43     8.06     0.14    1.30   0.13   1.39
dm-1              0.00     0.00    0.00    0.00     0.00     0.00     0.00     0.00    0.00   0.00   0.00
dm-2              0.00     0.00    0.10    5.03     0.00     0.02     8.10     0.02    3.60   0.50   0.26
dm-3              0.00     0.00    0.03    1.33     0.00     0.01     8.00     0.00    1.71   0.39   0.05
dm-4              0.00     0.00    1.73    0.20     0.01     0.00    12.83     0.02   11.17   0.81   0.16

Device:         rrqm/s   wrqm/s     r/s     w/s    rMB/s    wMB/s avgrq-sz avgqu-sz   await  svctm  %util
sda               0.00    71.20    0.30   33.87     0.00     0.41    24.88     0.05    1.48   0.38   1.28
dm-0              0.00     0.00    0.30   98.77     0.00     0.39     8.07     0.16    1.62   0.12   1.16
dm-1              0.00     0.00    0.00    0.00     0.00     0.00     0.00     0.00    0.00   0.00   0.00
dm-2              0.00     0.00    0.00    4.67     0.00     0.02     8.00     0.01    2.12   0.23   0.11
dm-3              0.00     0.00    0.00    1.40     0.00     0.01     8.00     0.00    0.74   0.12   0.02
dm-4              0.00     0.00    0.00    0.23     0.00     0.00     8.00     0.00    0.29   0.14   0.00

Device:         rrqm/s   wrqm/s     r/s     w/s    rMB/s    wMB/s avgrq-sz avgqu-sz   await  svctm  %util
sda               0.00    92.57    0.53   40.77     0.01     0.52    26.21     0.05    1.14   0.40   1.66
dm-0              0.00     0.00    0.53  125.70     0.01     0.49     8.09     0.18    1.42   0.12   1.49
dm-1              0.00     0.00    0.00    0.00     0.00     0.00     0.00     0.00    0.00   0.00   0.00
dm-2              0.00     0.00    0.00    4.10     0.00     0.02     8.00     0.01    2.66   0.29   0.12
dm-3              0.00     0.00    0.00    3.53     0.00     0.01     8.00     0.01    1.91   0.16   0.06
dm-4              0.00     0.00    0.00    0.00     0.00     0.00     0.00     0.00    0.00   0.00   0.00

Device:         rrqm/s   wrqm/s     r/s     w/s    rMB/s    wMB/s avgrq-sz avgqu-sz   await  svctm  %util
sda               0.00    85.43    0.63   35.20     0.01     0.47    27.41     0.04    1.21   0.44   1.59
dm-0              0.00     0.00    0.60  114.73     0.01     0.45     8.10     0.17    1.44   0.12   1.41
dm-1              0.00     0.00    0.03    0.00     0.00     0.00     8.00     0.00   14.00  14.00   0.05
dm-2              0.00     0.00    0.00    4.23     0.00     0.02     8.00     0.01    1.80   0.22   0.09
dm-3              0.00     0.00    0.00    1.63     0.00     0.01     8.00     0.00    1.92   0.18   0.03
dm-4              0.00     0.00    0.00    0.03     0.00     0.00     8.00     0.00    3.00   3.00   0.01

Device:         rrqm/s   wrqm/s     r/s     w/s    rMB/s    wMB/s avgrq-sz avgqu-sz   await  svctm  %util
sda               2.03    71.20    3.90   32.87     0.09     0.41    27.80     0.06    1.60   0.64   2.35
dm-0              0.00     0.00    0.50   96.37     0.01     0.38     8.22     0.13    1.32   0.13   1.31
dm-1              0.00     0.00    0.00    0.00     0.00     0.00     0.00     0.00    0.00   0.00   0.00
dm-2              0.00     0.00    0.37    4.73     0.00     0.02     8.00     0.01    2.91   0.37   0.19
dm-3              0.00     0.00    0.00    2.47     0.00     0.01     8.00     0.00    1.80   0.16   0.04
dm-4              0.00     0.00    5.07    0.50     0.08     0.00    29.75     0.03    5.05   1.46   0.81

Device:         rrqm/s   wrqm/s     r/s     w/s    rMB/s    wMB/s avgrq-sz avgqu-sz   await  svctm  %util
sda               0.00    76.43    0.03   33.87     0.00     0.43    26.06     0.04    1.14   0.37   1.25
dm-0              0.00     0.00    0.03  103.17     0.00     0.40     8.01     0.14    1.33   0.11   1.13
dm-1              0.00     0.00    0.00    0.00     0.00     0.00     0.00     0.00    0.00   0.00   0.00
dm-2              0.00     0.00    0.00    5.47     0.00     0.02     8.00     0.01    2.09   0.16   0.09
dm-3              0.00     0.00    0.00    1.23     0.00     0.00     8.00     0.00    1.73   0.27   0.03
dm-4              0.00     0.00    0.00    0.43     0.00     0.00     8.00     0.00    1.77   0.23   0.01

Device:         rrqm/s   wrqm/s     r/s     w/s    rMB/s    wMB/s avgrq-sz avgqu-sz   await  svctm  %util
sda               0.00    80.60    0.17   35.90     0.00     0.46    26.05     0.05    1.31   0.38   1.35
dm-0              0.00     0.00    0.17  109.87     0.00     0.43     8.06     0.19    1.70   0.11   1.23
dm-1              0.00     0.00    0.00    0.00     0.00     0.00     0.00     0.00    0.00   0.00   0.00
dm-2              0.00     0.00    0.00    3.87     0.00     0.02     8.00     0.01    1.66   0.22   0.08
dm-3              0.00     0.00    0.00    2.77     0.00     0.01     8.00     0.00    1.34   0.14   0.04
dm-4              0.00     0.00    0.00    0.00     0.00     0.00     0.00     0.00    0.00   0.00   0.00

Device:         rrqm/s   wrqm/s     r/s     w/s    rMB/s    wMB/s avgrq-sz avgqu-sz   await  svctm  %util
sda               0.00    78.93    0.63   34.80     0.02     0.44    26.98     0.05    1.53   0.44   1.55
dm-0              0.00     0.00    0.27  107.70     0.00     0.42     8.06     0.19    1.80   0.11   1.23
dm-1              0.00     0.00    0.00    0.00     0.00     0.00     0.00     0.00    0.00   0.00   0.00
dm-2              0.00     0.00    0.37    4.77     0.02     0.02    14.81     0.01    2.86   0.61   0.31
dm-3              0.00     0.00    0.00    1.27     0.00     0.00     8.00     0.00    0.95   0.11   0.01
dm-4              0.00     0.00    0.00    0.00     0.00     0.00     0.00     0.00    0.00   0.00   0.00

Device:         rrqm/s   wrqm/s     r/s     w/s    rMB/s    wMB/s avgrq-sz avgqu-sz   await  svctm  %util
sda               0.60    91.27    0.63   38.27     0.01     0.51    27.26     0.05    1.37   0.41   1.61
dm-0              0.00     0.00    0.47  121.53     0.01     0.47     8.12     0.22    1.81   0.12   1.44
dm-1              0.00     0.00    0.00    0.00     0.00     0.00     0.00     0.00    0.00   0.00   0.00
dm-2              0.00     0.00    0.10    5.03     0.00     0.02     8.00     0.01    1.79   0.22   0.11
dm-3              0.00     0.00    0.67    2.97     0.00     0.01     8.00     0.01    2.98   0.17   0.06
dm-4              0.00     0.00    0.00    0.00     0.00     0.00     0.00     0.00    0.00   0.00   0.00

Device:         rrqm/s   wrqm/s     r/s     w/s    rMB/s    wMB/s avgrq-sz avgqu-sz   await  svctm  %util
sda               0.00    79.37    0.33   37.17     0.01     0.46    25.31     0.05    1.23   0.40   1.52
dm-0              0.00     0.00    0.23  109.70     0.00     0.43     8.05     0.15    1.36   0.12   1.31
dm-1              0.00     0.00    0.00    0.00     0.00     0.00     0.00     0.00    0.00   0.00   0.00
dm-2              0.00     0.00    0.00    4.50     0.00     0.02     8.00     0.01    1.90   0.21   0.09
dm-3              0.00     0.00    0.00    2.23     0.00     0.01     8.00     0.01    4.93   0.36   0.08
dm-4              0.00     0.00    0.10    0.10     0.00     0.00    52.00     0.00    2.50   2.50   0.05

Device:         rrqm/s   wrqm/s     r/s     w/s    rMB/s    wMB/s avgrq-sz avgqu-sz   await  svctm  %util
sda               0.20    68.60    0.53   34.50     0.03     0.40    25.39     0.04    1.27   0.47   1.65
dm-0              0.00     0.00    0.20   96.57     0.01     0.38     8.12     0.13    1.33   0.13   1.24
dm-1              0.00     0.00    0.23    0.00     0.00     0.00     8.00     0.00   15.00   2.14   0.05
dm-2              0.00     0.00    0.20    4.97     0.02     0.02    17.03     0.01    2.70   0.50   0.26
dm-3              0.00     0.00    0.00    1.53     0.00     0.01     8.00     0.00    2.02   0.24   0.04
dm-4              0.00     0.00    0.10    0.03     0.00     0.00    10.00     0.00   12.00   4.50   0.06

Device:         rrqm/s   wrqm/s     r/s     w/s    rMB/s    wMB/s avgrq-sz avgqu-sz   await  svctm  %util
sda               0.00    51.97    0.23   28.37     0.00     0.31    22.73     0.03    0.94   0.41   1.16
dm-0              0.00     0.00    0.23   74.53     0.00     0.29     8.07     0.08    1.05   0.14   1.02
dm-1              0.00     0.00    0.00    0.00     0.00     0.00     0.00     0.00    0.00   0.00   0.00
dm-2              0.00     0.00    0.00    4.60     0.00     0.02     8.00     0.01    1.98   0.25   0.11
dm-3              0.00     0.00    0.00    1.20     0.00     0.00     8.00     0.00    1.36   0.22   0.03
dm-4              0.00     0.00    0.00    0.00     0.00     0.00     0.00     0.00    0.00   0.00   0.00

Device:         rrqm/s   wrqm/s     r/s     w/s    rMB/s    wMB/s avgrq-sz avgqu-sz   await  svctm  %util
sda               0.00    89.90    2.70   36.53     0.03     0.49    27.41     0.06    1.54   0.62   2.43
dm-0              0.00     0.00    0.50  119.00     0.01     0.46     8.21     0.19    1.61   0.13   1.56
dm-1              0.00     0.00    0.00    0.00     0.00     0.00     0.00     0.00    0.00   0.00   0.00
dm-2              0.00     0.00    2.20    4.20     0.02     0.02    10.75     0.02    2.68   1.28   0.82
dm-3              0.00     0.00    0.00    3.23     0.00     0.01     8.00     0.01    1.70   0.19   0.06
dm-4              0.00     0.00    0.00    0.00     0.00     0.00     0.00     0.00    0.00   0.00   0.00

Device:         rrqm/s   wrqm/s     r/s     w/s    rMB/s    wMB/s avgrq-sz avgqu-sz   await  svctm  %util
sda               0.00    71.50    0.23   30.03     0.01     0.40    27.22     0.04    1.18   0.40   1.20
dm-0              0.00     0.00    0.13   87.60     0.00     0.34     8.09     0.12    1.32   0.12   1.02
dm-1              0.00     0.00    0.00    0.00     0.00     0.00     0.00     0.00    0.00   0.00   0.00
dm-2              0.00     0.00    0.00   12.43     0.00     0.05     8.00     0.03    2.06   0.08   0.10
dm-3              0.00     0.00    0.00    1.50     0.00     0.01     8.00     0.00    1.82   0.22   0.03
dm-4              0.00     0.00    0.10    0.00     0.00     0.00    32.00     0.00   15.00   5.00   0.05

Device:         rrqm/s   wrqm/s     r/s     w/s    rMB/s    wMB/s avgrq-sz avgqu-sz   await  svctm  %util
sda               0.00    94.03    1.17   38.40     0.02     0.52    27.69     0.06    1.41   0.45   1.76
dm-0              0.00     0.00    1.17  123.30     0.02     0.48     8.21     0.20    1.61   0.13   1.62
dm-1              0.00     0.00    0.00    0.00     0.00     0.00     0.00     0.00    0.00   0.00   0.00
dm-2              0.00     0.00    0.00    5.13     0.00     0.02     8.00     0.01    2.51   0.18   0.09
dm-3              0.00     0.00    0.00    4.00     0.00     0.02     8.00     0.01    2.27   0.12   0.05
dm-4              0.00     0.00    0.00    0.00     0.00     0.00     0.00     0.00    0.00   0.00   0.00

Device:         rrqm/s   wrqm/s     r/s     w/s    rMB/s    wMB/s avgrq-sz avgqu-sz   await  svctm  %util
sda               0.00    54.60    0.23   29.10     0.00     0.33    23.08     0.03    1.15   0.39   1.16
dm-0              0.00     0.00    0.20   77.07     0.00     0.30     8.07     0.08    1.04   0.12   0.95
dm-1              0.00     0.00    0.00    0.00     0.00     0.00     0.00     0.00    0.00   0.00   0.00
dm-2              0.00     0.00    0.03    4.67     0.00     0.02     8.00     0.01    3.18   0.38   0.18
dm-3              0.00     0.00    0.00    1.97     0.00     0.01     8.00     0.00    1.05   0.15   0.03
dm-4              0.00     0.00    0.00    0.00     0.00     0.00     0.00     0.00    0.00   0.00   0.00

Device:         rrqm/s   wrqm/s     r/s     w/s    rMB/s    wMB/s avgrq-sz avgqu-sz   await  svctm  %util
sda               0.00    49.43    2.07   25.23     0.03     0.29    24.09     0.04    1.61   0.68   1.85
dm-0              0.00     0.00    1.30   68.63     0.02     0.27     8.58     0.10    1.48   0.18   1.28
dm-1              0.00     0.00    0.00    0.00     0.00     0.00     0.00     0.00    0.00   0.00   0.00
dm-2              0.00     0.00    0.53    4.57     0.00     0.02     8.63     0.01    2.47   0.90   0.46
dm-3              0.00     0.00    0.00    1.47     0.00     0.01     8.00     0.00    1.43   0.18   0.03
dm-4              0.00     0.00    0.23    0.00     0.00     0.00     8.00     0.00    3.71   3.71   0.09

Device:         rrqm/s   wrqm/s     r/s     w/s    rMB/s    wMB/s avgrq-sz avgqu-sz   await  svctm  %util
sda               0.00    72.13    0.37   34.93     0.01     0.42    24.89     0.04    1.00   0.40   1.42
dm-0              0.00     0.00    0.37  100.20     0.01     0.39     8.19     0.11    1.11   0.13   1.29
dm-1              0.00     0.00    0.00    0.00     0.00     0.00     0.00     0.00    0.00   0.00   0.00
dm-2              0.00     0.00    0.00    4.33     0.00     0.02     8.00     0.01    2.08   0.20   0.09
dm-3              0.00     0.00    0.00    2.53     0.00     0.01     8.00     0.00    1.33   0.20   0.05
dm-4              0.00     0.00    0.00    0.00     0.00     0.00     0.00     0.00    0.00   0.00   0.00

Device:         rrqm/s   wrqm/s     r/s     w/s    rMB/s    wMB/s avgrq-sz avgqu-sz   await  svctm  %util
sda              21.73   101.30   20.77   35.17     0.17     0.53    25.72     0.13    2.41   0.87   4.87
dm-0              0.00     0.00   29.37  130.60     0.12     0.51     8.04     0.78    4.85   0.26   4.09
dm-1              0.00     0.00    0.03    0.00     0.00     0.00     8.00     0.00    6.00   6.00   0.02
dm-2              0.00     0.00   12.43    4.13     0.05     0.02     8.10     0.06    3.53   0.47   0.78
dm-3              0.00     0.00    0.00    1.73     0.00     0.01     8.00     0.01    3.88   0.31   0.05
dm-4              0.00     0.00    0.07    0.00     0.00     0.00    36.00     0.00    9.00   9.00   0.06

Device:         rrqm/s   wrqm/s     r/s     w/s    rMB/s    wMB/s avgrq-sz avgqu-sz   await  svctm  %util
sda             162.00   484.23  278.27   84.10     1.73     2.22    22.35     9.89   27.30   1.51  54.70
dm-0              0.00     0.00    6.07  151.93     0.03     0.59     8.10     3.53   22.32   0.45   7.09
dm-1              0.00     0.00    0.27    0.00     0.00     0.00     8.00     0.01   22.00   2.75   0.07
dm-2              0.00     0.00  305.77  315.43     1.19     1.23     8.00    34.74   55.92   0.67  41.78
dm-3              0.00     0.00   14.97   19.97     0.06     0.08     8.00     0.26    7.38   0.43   1.51
dm-4              0.00     0.00  115.00   80.83     0.45     0.32     8.00     3.66   18.71   0.54  10.50

Device:         rrqm/s   wrqm/s     r/s     w/s    rMB/s    wMB/s avgrq-sz avgqu-sz   await  svctm  %util
sda               0.00   248.50    5.63  109.33     0.04     1.40    25.54    21.48  186.82   1.72  19.72
dm-0              0.00     0.00    0.83  123.93     0.02     0.48     8.23     1.06    8.50   1.30  16.18
dm-1              0.00     0.00    0.00    0.00     0.00     0.00     0.00     0.00    0.00   0.00   0.00
dm-2              0.00     0.00    1.73  149.87     0.01     0.59     8.00    41.65  274.76   0.73  11.10
dm-3              0.00     0.00    1.33    3.40     0.01     0.01     8.00     0.04    7.65   1.98   0.94
dm-4              0.00     0.00    1.73   80.53     0.01     0.31     8.00    26.07  316.91   0.82   6.76

Device:         rrqm/s   wrqm/s     r/s     w/s    rMB/s    wMB/s avgrq-sz avgqu-sz   await  svctm  %util
sda               0.00   101.33    0.30   43.17     0.01     0.56    27.12     0.06    1.36   0.41   1.79
dm-0              0.00     0.00    0.10  136.60     0.00     0.53     8.03     0.23    1.65   0.11   1.51
dm-1              0.00     0.00    0.00    0.00     0.00     0.00     0.00     0.00    0.00   0.00   0.00
dm-2              0.00     0.00    0.13    5.47     0.01     0.02    10.43     0.01    2.02   0.35   0.20
dm-3              0.00     0.00    0.00    2.33     0.00     0.01     8.00     0.01    2.77   0.14   0.03
dm-4              0.00     0.00    0.07    0.10     0.00     0.00    25.60     0.00    3.40   3.00   0.05

Device:         rrqm/s   wrqm/s     r/s     w/s    rMB/s    wMB/s avgrq-sz avgqu-sz   await  svctm  %util
sda               9.10   113.10    6.67   47.20     0.17     0.63    30.12     0.11    1.97   0.81   4.34
dm-0              0.00     0.00    1.67  151.87     0.06     0.59     8.74     0.28    1.84   0.17   2.57
dm-1              0.00     0.00   13.30    0.00     0.05     0.00     8.00     0.04    3.02   0.84   1.12
dm-2              0.00     0.00    0.00    4.73     0.00     0.02     8.00     0.01    1.45   0.18   0.09
dm-3              0.00     0.00    0.00    2.97     0.00     0.01     8.00     0.01    2.01   0.15   0.04
dm-4              0.00     0.00    0.80    0.73     0.05     0.00    73.91     0.01    6.72   4.63   0.71

